COTE;SURFACE;VOLUME
136;613;82600000
136.01;613.28;82664000
136.02;613.56;82728000
136.03;613.84;82792000
136.04;614.12;82856000
136.05;614.4;82920000
136.06;614.68;82984000
136.07;614.96;83048000
136.08;615.24;83112000
136.09;615.52;83176000
136.1;615.8;83240000
136.11;616.08;83304000
136.12;616.36;83368000
136.13;616.64;83432000
136.14;616.92;83496000
136.15;617.2;83560000
136.16;617.48;83624000
136.17;617.76;83688000
136.18;618.04;83752000
136.19;618.32;83816000
136.2;618.6;83880000
136.21;618.88;83944000
136.22;619.16;84008000
136.23;619.44;84072000
136.24;619.72;84136000
136.25;620;84200000
136.26;620.28;84264000
136.27;620.56;84328000
136.28;620.84;84392000
136.29;621.12;84456000
136.3;621.4;84520000
136.31;621.68;84584000
136.32;621.96;84648000
136.33;622.24;84712000
136.34;622.52;84776000
136.35;622.8;84840000
136.36;623.08;84904000
136.37;623.36;84968000
136.38;623.64;85032000
136.39;623.92;85096000
136.4;624.2;85160000
136.41;624.48;85224000
136.42;624.76;85288000
136.43;625.04;85352000
136.44;625.32;85416000
136.45;625.6;85480000
136.46;625.88;85544000
136.47;626.16;85608000
136.48;626.44;85672000
136.49;626.72;85736000
136.5;627;85800000
136.51;627.28;85864000
136.52;627.56;85928000
136.53;627.84;85992000
136.54;628.12;86056000
136.55;628.4;86120000
136.56;628.68;86184000
136.57;628.96;86248000
136.58;629.24;86312000
136.59;629.52;86376000
136.6;629.8;86440000
136.61;630.08;86504000
136.62;630.36;86568000
136.63;630.64;86632000
136.64;630.92;86696000
136.65;631.2;86760000
136.66;631.48;86824000
136.67;631.76;86888000
136.68;632.04;86952000
136.69;632.32;87016000
136.7;632.6;87080000
136.71;632.88;87144000
136.72;633.16;87208000
136.73;633.44;87272000
136.74;633.72;87336000
136.75;634;87400000
136.76;634.28;87464000
136.77;634.56;87528000
136.78;634.84;87592000
136.79;635.12;87656000
136.8;635.4;87720000
136.81;635.68;87784000
136.82;635.96;87848000
136.83;636.24;87912000
136.84;636.52;87976000
136.85;636.8;88040000
136.86;637.08;88104000
136.87;637.36;88168000
136.88;637.64;88232000
136.89;637.92;88296000
136.9;638.2;88360000
136.91;638.48;88424000
136.92;638.76;88488000
136.93;639.04;88552000
136.94;639.32;88616000
136.95;639.6;88680000
136.96;639.88;88744000
136.97;640.16;88808000
136.98;640.44;88872000
136.99;640.72;88936000
137;641;89000000
137.01;641.28;89063000
137.02;641.56;89126000
137.03;641.84;89189000
137.04;642.12;89252000
137.05;642.4;89315000
137.06;642.68;89378000
137.07;642.96;89441000
137.08;643.24;89504000
137.09;643.52;89567000
137.1;643.8;89630000
137.11;644.08;89693000
137.12;644.36;89756000
137.13;644.64;89819000
137.14;644.92;89882000
137.15;645.2;89945000
137.16;645.48;90008000
137.17;645.76;90071000
137.18;646.04;90134000
137.19;646.32;90197000
137.2;646.6;90260000
137.21;646.88;90323000
137.22;647.16;90386000
137.23;647.44;90449000
137.24;647.72;90512000
137.25;648;90575000
137.26;648.28;90638000
137.27;648.56;90701000
137.28;648.84;90764000
137.29;649.12;90827000
137.3;649.4;90890000
137.31;649.68;90953000
137.32;649.96;91016000
137.33;650.24;91079000
137.34;650.52;91142000
137.35;650.8;91205000
137.36;651.08;91268000
137.37;651.36;91331000
137.38;651.64;91394000
137.39;651.92;91457000
137.4;652.2;91520000
137.41;652.48;91583000
137.42;652.76;91646000
137.43;653.04;91709000
137.44;653.32;91772000
137.45;653.6;91835000
137.46;653.88;91898000
137.47;654.16;91961000
137.48;654.44;92024000
137.49;654.72;92087000
137.5;655;92150000
137.51;655.28;92213000
137.52;655.56;92276000
137.53;655.84;92339000
137.54;656.12;92402000
137.55;656.4;92465000
137.56;656.68;92528000
137.57;656.96;92591000
137.58;657.24;92654000
137.59;657.52;92717000
137.6;657.8;92780000
137.61;658.08;92843000
137.62;658.36;92906000
137.63;658.64;92969000
137.64;658.92;93032000
137.65;659.2;93095000
137.66;659.48;93158000
137.67;659.76;93221000
137.68;660.04;93284000
137.69;660.32;93347000
137.7;660.6;93410000
137.71;660.88;93473000
137.72;661.16;93536000
137.73;661.44;93599000
137.74;661.72;93662000
137.75;662;93725000
137.76;662.28;93788000
137.77;662.56;93851000
137.78;662.84;93914000
137.79;663.12;93977000
137.8;663.4;94040000
137.81;663.68;94103000
137.82;663.96;94166000
137.83;664.24;94229000
137.84;664.52;94292000
137.85;664.8;94355000
137.86;665.08;94418000
137.87;665.36;94481000
137.88;665.64;94544000
137.89;665.92;94607000
137.9;666.2;94670000
137.91;666.48;94733000
137.92;666.76;94796000
137.93;667.04;94859000
137.94;667.32;94922000
137.95;667.6;94985000
137.96;667.88;95048000
137.97;668.16;95111000
137.98;668.44;95174000
137.99;668.72;95237000
138;669;95300000
138.01;669.28;95369000
138.02;669.56;95438000
138.03;669.84;95507000
138.04;670.12;95576000
138.05;670.4;95645000
138.06;670.68;95714000
138.07;670.96;95783000
138.08;671.24;95852000
138.09;671.52;95921000
138.1;671.8;95990000
138.11;672.08;96059000
138.12;672.36;96128000
138.13;672.64;96197000
138.14;672.92;96266000
138.15;673.2;96335000
138.16;673.48;96404000
138.17;673.76;96473000
138.18;674.04;96542000
138.19;674.32;96611000
138.2;674.6;96680000
138.21;674.88;96749000
138.22;675.16;96818000
138.23;675.44;96887000
138.24;675.72;96956000
138.25;676;97025000
138.26;676.28;97094000
138.27;676.56;97163000
138.28;676.84;97232000
138.29;677.12;97301000
138.3;677.4;97370000
138.31;677.68;97439000
138.32;677.96;97508000
138.33;678.24;97577000
138.34;678.52;97646000
138.35;678.8;97715000
138.36;679.08;97784000
138.37;679.36;97853000
138.38;679.64;97922000
138.39;679.92;97991000
138.4;680.2;98060000
138.41;680.48;98129000
138.42;680.76;98198000
138.43;681.04;98267000
138.44;681.32;98336000
138.45;681.6;98405000
138.46;681.88;98474000
138.47;682.16;98543000
138.48;682.44;98612000
138.49;682.72;98681000
138.5;683;98750000
138.51;683.28;98819000
138.52;683.56;98888000
138.53;683.84;98957000
138.54;684.12;99026000
138.55;684.4;99095000
138.56;684.68;99164000
138.57;684.96;99233000
138.58;685.24;99302000
138.59;685.52;99371000
138.6;685.8;99440000
138.61;686.08;99509000
138.62;686.36;99578000
138.63;686.64;99647000
138.64;686.92;99716000
138.65;687.2;99785000
138.66;687.48;99854000
138.67;687.76;99923000
138.68;688.04;99992000
138.69;688.32;100061000
138.7;688.6;100130000
138.71;688.88;100199000
138.72;689.16;100268000
138.73;689.44;100337000
138.74;689.72;100406000
138.75;690;100475000
138.76;690.28;100544000
138.77;690.56;100613000
138.78;690.84;100682000
138.79;691.12;100751000
138.8;691.4;100820000
138.81;691.68;100889000
138.82;691.96;100958000
138.83;692.24;101027000
138.84;692.52;101096000
138.85;692.8;101165000
138.86;693.08;101234000
138.87;693.36;101303000
138.88;693.64;101372000
138.89;693.92;101441000
138.9;694.2;101510000
138.91;694.48;101579000
138.92;694.76;101648000
138.93;695.04;101717000
138.94;695.32;101786000
138.95;695.6;101855000
138.96;695.88;101924000
138.97;696.16;101993000
138.98;696.44;102062000
138.99;696.72;102131000
139;697;102200000
139.01;697.28;102270000
139.02;697.56;102340000
139.03;697.84;102410000
139.04;698.12;102480000
139.05;698.4;102550000
139.06;698.68;102620000
139.07;698.96;102690000
139.08;699.24;102760000
139.09;699.52;102830000
139.1;699.8;102900000
139.11;700.08;102970000
139.12;700.36;103040000
139.13;700.64;103110000
139.14;700.92;103180000
139.15;701.2;103250000
139.16;701.48;103320000
139.17;701.76;103390000
139.18;702.04;103460000
139.19;702.32;103530000
139.2;702.6;103600000
139.21;702.88;103670000
139.22;703.16;103740000
139.23;703.44;103810000
139.24;703.72;103880000
139.25;704;103950000
139.26;704.28;104020000
139.27;704.56;104090000
139.28;704.84;104160000
139.29;705.12;104230000
139.3;705.4;104300000
139.31;705.68;104370000
139.32;705.96;104440000
139.33;706.24;104510000
139.34;706.52;104580000
139.35;706.8;104650000
139.36;707.08;104720000
139.37;707.36;104790000
139.38;707.64;104860000
139.39;707.92;104930000
139.4;708.2;105000000
139.41;708.48;105070000
139.42;708.76;105140000
139.43;709.04;105210000
139.44;709.32;105280000
139.45;709.6;105350000
139.46;709.88;105420000
139.47;710.16;105490000
139.48;710.44;105560000
139.49;710.72;105630000
139.5;711;105700000
139.51;711.28;105770000
139.52;711.56;105840000
139.53;711.84;105910000
139.54;712.12;105980000
139.55;712.4;106050000
139.56;712.68;106120000
139.57;712.96;106190000
139.58;713.24;106260000
139.59;713.52;106330000
139.6;713.8;106400000
139.61;714.08;106470000
139.62;714.36;106540000
139.63;714.64;106610000
139.64;714.92;106680000
139.65;715.2;106750000
139.66;715.48;106820000
139.67;715.76;106890000
139.68;716.04;106960000
139.69;716.32;107030000
139.7;716.6;107100000
139.71;716.88;107170000
139.72;717.16;107240000
139.73;717.44;107310000
139.74;717.72;107380000
139.75;718;107450000
139.76;718.28;107520000
139.77;718.56;107590000
139.78;718.84;107660000
139.79;719.12;107730000
139.8;719.4;107800000
139.81;719.68;107870000
139.82;719.96;107940000
139.83;720.24;108010000
139.84;720.52;108080000
139.85;720.8;108150000
139.86;721.08;108220000
139.87;721.36;108290000
139.88;721.64;108360000
139.89;721.92;108430000
139.9;722.2;108500000
139.91;722.48;108570000
139.92;722.76;108640000
139.93;723.04;108710000
139.94;723.32;108780000
139.95;723.6;108850000
139.96;723.88;108920000
139.97;724.16;108990000
139.98;724.44;109060000
139.99;724.72;109130000
140;725;109200000
140.01;725.31;109270000
140.02;725.62;109340000
140.03;725.93;109410000
140.04;726.24;109480000
140.05;726.55;109550000
140.06;726.86;109620000
140.07;727.17;109690000
140.08;727.48;109760000
140.09;727.79;109830000
140.1;728.1;109900000
140.11;728.41;109970000
140.12;728.72;110040000
140.13;729.03;110110000
140.14;729.34;110180000
140.15;729.65;110250000
140.16;729.96;110320000
140.17;730.27;110390000
140.18;730.58;110460000
140.19;730.89;110530000
140.2;731.2;110600000
140.21;731.51;110670000
140.22;731.82;110740000
140.23;732.13;110810000
140.24;732.44;110880000
140.25;732.75;110950000
140.26;733.06;111020000
140.27;733.37;111090000
140.28;733.68;111160000
140.29;733.99;111230000
140.3;734.3;111300000
140.31;734.61;111370000
140.32;734.92;111440000
140.33;735.23;111510000
140.34;735.54;111580000
140.35;735.85;111650000
140.36;736.16;111720000
140.37;736.47;111790000
140.38;736.78;111860000
140.39;737.09;111930000
140.4;737.4;112000000
140.41;737.71;112070000
140.42;738.02;112140000
140.43;738.33;112210000
140.44;738.64;112280000
140.45;738.95;112350000
140.46;739.26;112420000
140.47;739.57;112490000
140.48;739.88;112560000
140.49;740.19;112630000
140.5;740.5;112700000
140.51;740.81;112770000
140.52;741.12;112840000
140.53;741.43;112910000
140.54;741.74;112980000
140.55;742.05;113050000
140.56;742.36;113120000
140.57;742.67;113190000
140.58;742.98;113260000
140.59;743.29;113330000
140.6;743.6;113400000
140.61;743.91;113470000
140.62;744.22;113540000
140.63;744.53;113610000
140.64;744.84;113680000
140.65;745.15;113750000
140.66;745.46;113820000
140.67;745.77;113890000
140.68;746.08;113960000
140.69;746.39;114030000
140.7;746.7;114100000
140.71;747.01;114170000
140.72;747.32;114240000
140.73;747.63;114310000
140.74;747.94;114380000
140.75;748.25;114450000
140.76;748.56;114520000
140.77;748.87;114590000
140.78;749.18;114660000
140.79;749.49;114730000
140.8;749.8;114800000
140.81;750.11;114870000
140.82;750.42;114940000
140.83;750.73;115010000
140.84;751.04;115080000
140.85;751.35;115150000
140.86;751.66;115220000
140.87;751.97;115290000
140.88;752.28;115360000
140.89;752.59;115430000
140.9;752.9;115500000
140.91;753.21;115570000
140.92;753.52;115640000
140.93;753.83;115710000
140.94;754.14;115780000
140.95;754.45;115850000
140.96;754.76;115920000
140.97;755.07;115990000
140.98;755.38;116060000
140.99;755.69;116130000
141;756;116200000
141.01;756.31;116274000
141.02;756.62;116348000
141.03;756.93;116422000
141.04;757.24;116496000
141.05;757.55;116570000
141.06;757.86;116644000
141.07;758.17;116718000
141.08;758.48;116792000
141.09;758.79;116866000
141.1;759.1;116940000
141.11;759.41;117014000
141.12;759.72;117088000
141.13;760.03;117162000
141.14;760.34;117236000
141.15;760.65;117310000
141.16;760.96;117384000
141.17;761.27;117458000
141.18;761.58;117532000
141.19;761.89;117606000
141.2;762.2;117680000
141.21;762.51;117754000
141.22;762.82;117828000
141.23;763.13;117902000
141.24;763.44;117976000
141.25;763.75;118050000
141.26;764.06;118124000
141.27;764.37;118198000
141.28;764.68;118272000
141.29;764.99;118346000
141.3;765.3;118420000
141.31;765.61;118494000
141.32;765.92;118568000
141.33;766.23;118642000
141.34;766.54;118716000
141.35;766.85;118790000
141.36;767.16;118864000
141.37;767.47;118938000
141.38;767.78;119012000
141.39;768.09;119086000
141.4;768.4;119160000
141.41;768.71;119234000
141.42;769.02;119308000
141.43;769.33;119382000
141.44;769.64;119456000
141.45;769.95;119530000
141.46;770.26;119604000
141.47;770.57;119678000
141.48;770.88;119752000
141.49;771.19;119826000
141.5;771.5;119900000
141.51;771.81;119974000
141.52;772.12;120048000
141.53;772.43;120122000
141.54;772.74;120196000
141.55;773.05;120270000
141.56;773.36;120344000
141.57;773.67;120418000
141.58;773.98;120492000
141.59;774.29;120566000
141.6;774.6;120640000
141.61;774.91;120714000
141.62;775.22;120788000
141.63;775.53;120862000
141.64;775.84;120936000
141.65;776.15;121010000
141.66;776.46;121084000
141.67;776.77;121158000
141.68;777.08;121232000
141.69;777.39;121306000
141.7;777.7;121380000
141.71;778.01;121454000
141.72;778.32;121528000
141.73;778.63;121602000
141.74;778.94;121676000
141.75;779.25;121750000
141.76;779.56;121824000
141.77;779.87;121898000
141.78;780.18;121972000
141.79;780.49;122046000
141.8;780.8;122120000
141.81;781.11;122194000
141.82;781.42;122268000
141.83;781.73;122342000
141.84;782.04;122416000
141.85;782.35;122490000
141.86;782.66;122564000
141.87;782.97;122638000
141.88;783.28;122712000
141.89;783.59;122786000
141.9;783.9;122860000
141.91;784.21;122934000
141.92;784.52;123008000
141.93;784.83;123082000
141.94;785.14;123156000
141.95;785.45;123230000
141.96;785.76;123304000
141.97;786.07;123378000
141.98;786.38;123452000
141.99;786.69;123526000
142;787;123600000
142.01;787.31;123678000
142.02;787.62;123756000
142.03;787.93;123834000
142.04;788.24;123912000
142.05;788.55;123990000
142.06;788.86;124068000
142.07;789.17;124146000
142.08;789.48;124224000
142.09;789.79;124302000
142.1;790.1;124380000
142.11;790.41;124458000
142.12;790.72;124536000
142.13;791.03;124614000
142.14;791.34;124692000
142.15;791.65;124770000
142.16;791.96;124848000
142.17;792.27;124926000
142.18;792.58;125004000
142.19;792.89;125082000
142.2;793.2;125160000
142.21;793.51;125238000
142.22;793.82;125316000
142.23;794.13;125394000
142.24;794.44;125472000
142.25;794.75;125550000
142.26;795.06;125628000
142.27;795.37;125706000
142.28;795.68;125784000
142.29;795.99;125862000
142.3;796.3;125940000
142.31;796.61;126018000
142.32;796.92;126096000
142.33;797.23;126174000
142.34;797.54;126252000
142.35;797.85;126330000
142.36;798.16;126408000
142.37;798.47;126486000
142.38;798.78;126564000
142.39;799.09;126642000
142.4;799.4;126720000
142.41;799.71;126798000
142.42;800.02;126876000
142.43;800.33;126954000
142.44;800.64;127032000
142.45;800.95;127110000
142.46;801.26;127188000
142.47;801.57;127266000
142.48;801.88;127344000
142.49;802.19;127422000
142.5;802.5;127500000
142.51;802.81;127578000
142.52;803.12;127656000
142.53;803.43;127734000
142.54;803.74;127812000
142.55;804.05;127890000
142.56;804.36;127968000
142.57;804.67;128046000
142.58;804.98;128124000
142.59;805.29;128202000
142.6;805.6;128280000
142.61;805.91;128358000
142.62;806.22;128436000
142.63;806.53;128514000
142.64;806.84;128592000
142.65;807.15;128670000
142.66;807.46;128748000
142.67;807.77;128826000
142.68;808.08;128904000
142.69;808.39;128982000
142.7;808.7;129060000
142.71;809.01;129138000
142.72;809.32;129216000
142.73;809.63;129294000
142.74;809.94;129372000
142.75;810.25;129450000
142.76;810.56;129528000
142.77;810.87;129606000
142.78;811.18;129684000
142.79;811.49;129762000
142.8;811.8;129840000
142.81;812.11;129918000
142.82;812.42;129996000
142.83;812.73;130074000
142.84;813.04;130152000
142.85;813.35;130230000
142.86;813.66;130308000
142.87;813.97;130386000
142.88;814.28;130464000
142.89;814.59;130542000
142.9;814.9;130620000
142.91;815.21;130698000
142.92;815.52;130776000
142.93;815.83;130854000
142.94;816.14;130932000
142.95;816.45;131010000
142.96;816.76;131088000
142.97;817.07;131166000
142.98;817.38;131244000
142.99;817.69;131322000
143;818;131400000
